51 100 1
72 158 1
64 168 1
234 243 1
226 233 1
104 172 1
176 186 1
36 58 1
33 168 1
94 109 1
68 228 1
0 227 1
141 143 1
201 233 1
11 12 1
30 157 1
5 131 1
132 210 1
194 218 1
161 246 1
236 245 1
156 163 1
219 238 1
7 86 1
101 102 1
140 142 1
26 165 1
167 183 1
67 233 1
163 184 1
192 230 1
113 145 1
29 96 1
144 200 1
174 236 1
21 205 1
105 200 1
121 181 1
179 246 1
122 134 1
103 197 1
207 208 1
41 202 1
79 120 1
142 203 1
183 204 1
128 166 1
149 225 1
145 171 1
52 207 1
212 221 1
125 135 1
151 224 1
8 9 1
73 145 1
217 242 1
56 114 1
240 246 1
223 224 1
39 119 1
22 117 1
55 242 1
189 203 1
106 183 1
166 200 1
98 165 1
165 231 1
123 243 1
78 181 1
182 237 1
231 234 1
135 153 1
126 145 1
76 218 1
31 238 1
220 241 1
71 142 1
115 146 1
1 174 1
124 183 1
27 86 1
32 130 1
54 167 1
235 236 1
238 243 1
146 157 1
119 126 1
70 219 1
216 220 1
9 122 1
215 230 1
227 237 1
86 100 1
228 233 1
38 134 1
58 159 1
93 167 1
129 165 1
15 50 1
116 188 1
148 152 1
92 150 1
17 116 1
198 217 1
171 217 1
6 193 1
184 230 1
81 170 1
133 180 1
186 239 1
88 223 1
62 167 1
84 244 1
95 123 1
213 228 1
243 244 1
3 48 1
24 188 1
19 201 1
46 64 1
65 137 1
109 243 1
4 110 1
208 245 1
44 207 1
75 199 1
102 106 1
178 199 1
158 192 1
169 170 1
181 201 1
180 222 1
137 229 1
239 245 1
162 227 1
159 209 1
195 196 1
147 148 1
204 220 1
185 188 1
221 242 1
118 151 1
164 215 1
177 241 1
188 198 1
48 122 1
173 206 1
20 211 1
241 242 1
111 245 1
134 182 1
203 219 1
45 82 1
131 189 1
82 221 1
50 90 1
23 31 1
222 231 1
61 233 1
91 99 1
190 242 1
206 218 1
49 127 1
224 225 1
242 245 1
43 197 1
25 120 1
202 223 1
193 243 1
90 127 1
218 246 1
16 214 1
14 180 1
47 228 1
69 179 1
87 181 1
175 195 1
96 213 1
130 133 1
211 234 1
110 118 1
160 206 1
205 218 1
170 223 1
83 191 1
196 199 1
120 123 1
155 189 1
136 144 1
99 238 1
199 235 1
57 78 1
12 22 1
97 129 1
168 187 1
10 196 1
74 184 1
28 50 1
60 173 1
233 234 1
154 180 1
59 171 1
89 232 1
117 208 1
245 246 1
152 231 1
209 244 1
80 197 1
210 216 1
85 93 1
214 245 1
200 231 1
42 132 1
246 0 0
34 42 1
127 234 1
114 203 1
229 244 1
237 246 1
225 234 1
18 96 1
157 181 1
37 132 1
187 232 1
77 210 1
40 84 1
13 245 1
153 198 1
143 209 1
53 223 1
230 234 1
139 222 1
63 65 1
138 170 1
66 161 1
191 212 1
232 237 1
35 232 1
108 183 1
112 137 1
150 226 1
107 192 1
2 118 1
197 246 1
244 245 1
172 192 1
100 236 1
